Sequence Generation Process Iteration #1
--------------------------------------------------------------------------------
Sequence #0:
[65, 96, 79, 1, 77, 19, 49, 75, 51, 67, 26, 62, 44, 36, 75, 0, 99, 32, 74, 74, 78, 17, 24, 31, 83]

Sequence #1:
[68, 50, 62, 23, 92, 29, 77, 5, 84, 45, 98, 71, 31, 88, 89, 17, 74, 15, 24, 98, 83, 38, 9, 27, 28]

Sequence #2:
[8, 48, 95, 43, 49, 97, 80, 12, 73, 23, 93, 34, 79, 32, 88, 6, 68, 23, 79, 85, 28, 21, 82, 21, 24]

Sequence #3:
[11, 93, 62, 82, 61, 55, 30, 6, 73, 84, 38, 9, 71, 65, 25, 4, 100, 58, 79, 84, 88, 63, 56, 54, 5]

Sequence #4:
[71, 61, 82, 16, 28, 85, 23, 8, 88, 40, 17, 68, 34, 4, 41, 47, 97, 94, 11, 31, 8, 15, 35, 80, 30]

Sequence Generation Process Iteration #2
--------------------------------------------------------------------------------
Sequence #0:
[65, 96, 79, 1, 77, 19, 49, 75, 51, 67, 26, 62, 44, 36, 75, 0, 99, 32, 74, 74, 78, 17, 24, 31, 83]

Sequence #1:
[68, 50, 62, 23, 92, 29, 77, 5, 84, 45, 98, 71, 31, 88, 89, 17, 74, 15, 24, 98, 83, 38, 9, 27, 28]

Sequence #2:
[8, 48, 95, 43, 49, 97, 80, 12, 73, 23, 93, 34, 79, 32, 88, 6, 68, 23, 79, 85, 28, 21, 82, 21, 24]

Sequence #3:
[11, 93, 62, 82, 61, 55, 30, 6, 73, 84, 38, 9, 71, 65, 25, 4, 100, 58, 79, 84, 88, 63, 56, 54, 5]

Sequence #4:
[71, 61, 82, 16, 28, 85, 23, 8, 88, 40, 17, 68, 34, 4, 41, 47, 97, 94, 11, 31, 8, 15, 35, 80, 30]

